6658, 2874, 31
6655, 2873, 31
6652, 2872, 31
6648, 2871, 31
6647, 2870, 31
6646, 2869, 31
6645, 2868, 31
6645, 2867, 1
6643, 2866, 31
6638, 2865, 31
6636, 2864, 31
6635, 2863, 31
6635, 2862, 8
6635, 2861, 1
6634, 2860, 31
6631, 2859, 31
6630, 2858, 31
6629, 2857, 31
6628, 2856, 31
6628, 2855, 1
6627, 2854, 31
6626, 2853, 31
6625, 2852, 31
6624, 2851, 31
6623, 2850, 31
6623, 2849, 8
6623, 2848, 8
6623, 2847, 1
6622, 2846, 31
6621, 2845, 31
6619, 2844, 31
6618, 2843, 31
6616, 2842, 31
6616, 2841, 1
6614, 2840, 31
6608, 2839, 31
6604, 2838, 31
6602, 2837, 31
6600, 2836, 31
6597, 2835, 31
6596, 2834, 31
6595, 2833, 31
6594, 2832, 31
6593, 2831, 31
6592, 2830, 31
6591, 2829, 31
6591, 2828, 1
6590, 2827, 31
6588, 2826, 31
6586, 2825, 31
6577, 2824, 31
6575, 2824, 1
6574, 2823, 31
6573, 2822, 31
6570, 2821, 31
6568, 2820, 31
6567, 2819, 31
6514, 2818, 31
6513, 2817, 31
6512, 2816, 31
6511, 2815, 31
6509, 2814, 31
6508, 2813, 31
6507, 2812, 31
6503, 2811, 31
6499, 2810, 31
6497, 2809, 31
6495, 2808, 31
6493, 2807, 31
6491, 2806, 31
6490, 2805, 31
6487, 2804, 31
6474, 2803, 31
6473, 2803, 2
6471, 2803, 1
6470, 2802, 31
6469, 2801, 31
6468, 2800, 31
6465, 2799, 31
6464, 2798, 31
6462, 2797, 31
6461, 2796, 31
6458, 2795, 31
6451, 2794, 31
6450, 2793, 31
6450, 2792, 1
6445, 2791, 31
6441, 2790, 31
6441, 2789, 1
6438, 2788, 31
6437, 2787, 31
6435, 2786, 31
6433, 2785, 31
6433, 2784, 1
6432, 2783, 31
6431, 2782, 31
6431, 2781, 1
6430, 2780, 31
6428, 2779, 31
6423, 2778, 31
6422, 2777, 31
6411, 2776, 31
6410, 2775, 31
6409, 2774, 31
6408, 2773, 31
6408, 2772, 1
6407, 2771, 31
6406, 2770, 31
6402, 2769, 31
6400, 2768, 31
6396, 2767, 31
6395, 2766, 31
6392, 2765, 31
6390, 2764, 31
6387, 2763, 31
6386, 2762, 31
6385, 2761, 31
6384, 2760, 31
6383, 2759, 31
6382, 2758, 31
6379, 2757, 31
6379, 2756, 1
6377, 2755, 31
6375, 2754, 31
6372, 2753, 31
6366, 2752, 31
6361, 2751, 31
6360, 2750, 31
6358, 2749, 31
6358, 2748, 8
6358, 2747, 8
6358, 2746, 8
6358, 2745, 1
6357, 2744, 31
6356, 2743, 31
6355, 2742, 31
6354, 2741, 31
6352, 2740, 31
6350, 2739, 31
6348, 2738, 31
6347, 2737, 31
6346, 2736, 31
6345, 2735, 31
6344, 2734, 31
6343, 2733, 31
6342, 2732, 31
6341, 2731, 31
6335, 2730, 31
6334, 2730, 1
6332, 2729, 31
6331, 2728, 31
6330, 2727, 31
6329, 2726, 31
6329, 2725, 8
6329, 2724, 8
6329, 2723, 1
6328, 2722, 31
6327, 2721, 31
6325, 2720, 31
6324, 2719, 31
6323, 2718, 31
6322, 2717, 31
6321, 2716, 31
6320, 2715, 31
6319, 2714, 31
6317, 2713, 31
6315, 2712, 31
6315, 2711, 1
6312, 2710, 31
6308, 2709, 31
6306, 2708, 31
6306, 2707, 8
6306, 2706, 8
6306, 2705, 8
6306, 2704, 8
6306, 2703, 8
6306, 2702, 8
6306, 2701, 1
6305, 2700, 31
6304, 2699, 31
6300, 2698, 31
6299, 2697, 31
6297, 2696, 31
6297, 2695, 8
6297, 2694, 1
6295, 2693, 31
6294, 2692, 31
6293, 2691, 31
6291, 2690, 31
6290, 2689, 31
6289, 2688, 31
6287, 2687, 31
6286, 2686, 31
6285, 2685, 31
6284, 2684, 31
6284, 2683, 8
6284, 2682, 8
6284, 2681, 1
6283, 2680, 31
6282, 2679, 31
6281, 2678, 31
6280, 2677, 31
6278, 2676, 31
6276, 2675, 31
6274, 2674, 31
6271, 2673, 31
6269, 2672, 31
6266, 2671, 31
6265, 2670, 31
6259, 2669, 31
6253, 2668, 31
6253, 2667, 8
6253, 2666, 1
6250, 2665, 31
6249, 2664, 31
6248, 2663, 31
6247, 2662, 31
6246, 2661, 31
6245, 2660, 31
6244, 2659, 31
6243, 2658, 31
6243, 2657, 8
6243, 2656, 8
6243, 2655, 8
6243, 2654, 1
6240, 2653, 31
6237, 2652, 31
6234, 2651, 31
6231, 2650, 31
6230, 2649, 31
6227, 2648, 31
6226, 2647, 31
6224, 2646, 31
6223, 2645, 31
6219, 2644, 31
6215, 2643, 31
6210, 2643, 1
6209, 2642, 31
6204, 2641, 31
6203, 2640, 31
6200, 2639, 31
6198, 2638, 31
6196, 2637, 31
6195, 2636, 31
6193, 2635, 31
6190, 2634, 31
6182, 2633, 31
6181, 2632, 31
6181, 2631, 8
6181, 2630, 8
6181, 2629, 1
6180, 2628, 31
6176, 2627, 31
6167, 2626, 31
6165, 2625, 31
6163, 2624, 31
6161, 2623, 31
6158, 2622, 31
6155, 2621, 31
6153, 2620, 31
6150, 2619, 31
6147, 2618, 31
6138, 2617, 31
6132, 2616, 31
6131, 2615, 31
6130, 2614, 31
6128, 2613, 31
6128, 2612, 1
6123, 2611, 31
6118, 2610, 31
6117, 2609, 31
6114, 2608, 31
6112, 2607, 31
6110, 2606, 31
6106, 2605, 31
6104, 2604, 31
6100, 2603, 31
6099, 2602, 31
6094, 2601, 31
6093, 2601, 2
6091, 2601, 2
6089, 2601, 2
6086, 2601, 1
6084, 2600, 31
6083, 2599, 31
6082, 2598, 31
6081, 2597, 31
6079, 2596, 31
6077, 2595, 31
6075, 2594, 31
6072, 2593, 31
6069, 2592, 31
6067, 2591, 31
6066, 2590, 31
6065, 2589, 31
6064, 2588, 31
6056, 2587, 31
6054, 2586, 31
6053, 2585, 31
6051, 2584, 31
6047, 2583, 31
6045, 2582, 31
6043, 2581, 31
6042, 2580, 31
6040, 2579, 31
6039, 2578, 31
6038, 2577, 31
6037, 2576, 31
6031, 2575, 31
6029, 2574, 31
6028, 2573, 31
6025, 2572, 31
6024, 2571, 31
6018, 2570, 31
6015, 2569, 31
6010, 2568, 31
5999, 2567, 31
5996, 2567, 1
5995, 2566, 31
5990, 2565, 31
5988, 2564, 31
5982, 2563, 31
5980, 2562, 31
5978, 2561, 31
5977, 2560, 31
5969, 2559, 31
5967, 2558, 31
5965, 2557, 31
5963, 2556, 31
5960, 2556, 1
5959, 2555, 31
5957, 2554, 31
5956, 2553, 31
5955, 2552, 31
5955, 2551, 8
5955, 2550, 8
5955, 2549, 8
5955, 2548, 8
5955, 2547, 8
5955, 2546, 1
5954, 2545, 31
5953, 2544, 31
5952, 2543, 31
5950, 2542, 31
5940, 2541, 31
5940, 2540, 1
5937, 2539, 31
5936, 2538, 31
5933, 2537, 31
5932, 2536, 31
5928, 2535, 31
5927, 2534, 31
5924, 2533, 31
5921, 2532, 31
5916, 2531, 31
5914, 2530, 31
5914, 2529, 1
5913, 2528, 31
5912, 2527, 31
5911, 2526, 31
5908, 2525, 31
5906, 2524, 31
5904, 2523, 31
5903, 2522, 31
5898, 2521, 31
5896, 2520, 31
5895, 2519, 31
5891, 2518, 31
5888, 2517, 31
5886, 2516, 31
5878, 2515, 31
5876, 2515, 2
5875, 2515, 1
5868, 2514, 31
5866, 2513, 31
5864, 2513, 1
5861, 2512, 31
5859, 2511, 31
5858, 2510, 31
5855, 2509, 31
5855, 2508, 1
5854, 2507, 31
5853, 2506, 31
5851, 2505, 31
5848, 2504, 31
5844, 2503, 31
5841, 2502, 31
5840, 2501, 31
5838, 2500, 31
5837, 2499, 31
5832, 2498, 31
5832, 2497, 1
5830, 2496, 31
5829, 2495, 31
5826, 2494, 31
5804, 2493, 31
5802, 2492, 31
5795, 2492, 2
5793, 2492, 1
5790, 2491, 31
5788, 2490, 31
5783, 2489, 31
5781, 2488, 31
5778, 2487, 31
5775, 2486, 31
5774, 2485, 31
5771, 2484, 31
5768, 2483, 31
5764, 2482, 31
5759, 2481, 31
5757, 2480, 31
5755, 2479, 31
5752, 2478, 31
5745, 2478, 2
5744, 2478, 2
5735, 2478, 1
5733, 2477, 31
5729, 2476, 31
5725, 2475, 31
5723, 2474, 31
5722, 2474, 1
5718, 2473, 31
5715, 2472, 31
5714, 2471, 31
5709, 2470, 31
5708, 2469, 31
5707, 2468, 31
5706, 2467, 31
5705, 2466, 31
5704, 2466, 2
5697, 2466, 1
5693, 2465, 31
5686, 2464, 31
5683, 2463, 31
5682, 2462, 31
5670, 2461, 31
5669, 2460, 31
5668, 2459, 31
5667, 2458, 31
5665, 2457, 31
5663, 2456, 31
5659, 2455, 31
5658, 2454, 31
5622, 2453, 31
5621, 2452, 31
5620, 2451, 31
5619, 2450, 31
5617, 2449, 31
5616, 2448, 31
5615, 2447, 31
5611, 2447, 2
5610, 2447, 1
5609, 2446, 31
5607, 2445, 31
5606, 2444, 31
5603, 2443, 31
5603, 2442, 8
5603, 2441, 8
5603, 2440, 8
5603, 2439, 8
5603, 2438, 1
5601, 2437, 31
5599, 2436, 31
5596, 2435, 31
5594, 2434, 31
5592, 2433, 31
5583, 2432, 31
5582, 2431, 31
5581, 2430, 31
5577, 2429, 31
5576, 2428, 31
5571, 2427, 31
5570, 2426, 31
5569, 2425, 31
5568, 2425, 2
5567, 2425, 2
5566, 2425, 2
5565, 2425, 1
5564, 2424, 31
5563, 2423, 31
5562, 2422, 31
5561, 2421, 31
5561, 2420, 1
5560, 2419, 31
5559, 2418, 31
5558, 2417, 31
5557, 2416, 31
5556, 2415, 31
5556, 2414, 1
5555, 2413, 31
5548, 2412, 31
5546, 2411, 31
5545, 2410, 31
5541, 2409, 31
5540, 2408, 31
5539, 2407, 31
5537, 2406, 31
5536, 2405, 31
5533, 2404, 31
5531, 2403, 31
5525, 2402, 31
5525, 2401, 8
5525, 2400, 1
5523, 2399, 31
5521, 2398, 31
5519, 2397, 31
5516, 2396, 31
5516, 2395, 1
5513, 2394, 31
5512, 2393, 31
5509, 2392, 31
5507, 2391, 31
5505, 2390, 31
5502, 2390, 1
5501, 2389, 31
5495, 2388, 31
5494, 2387, 31
5490, 2386, 31
5489, 2385, 31
5489, 2384, 1
5488, 2383, 31
5487, 2382, 31
5486, 2381, 31
5486, 2380, 1
5485, 2379, 31
5483, 2378, 31
5476, 2377, 31
5475, 2376, 31
5472, 2375, 31
5468, 2374, 31
5467, 2373, 31
5465, 2372, 31
5462, 2371, 31
5461, 2370, 31
5457, 2369, 31
5456, 2368, 31
5455, 2367, 31
5453, 2366, 31
5452, 2366, 1
5451, 2365, 31
5449, 2364, 31
5448, 2363, 31
5447, 2362, 31
5447, 2361, 1
5445, 2360, 31
5442, 2359, 31
5440, 2358, 31
5438, 2357, 31
5437, 2356, 31
5434, 2355, 31
5432, 2354, 31
5431, 2353, 31
5430, 2352, 31
5425, 2352, 1
5423, 2351, 31
5420, 2350, 31
5419, 2349, 31
5407, 2348, 31
5402, 2347, 31
5396, 2346, 31
5387, 2345, 31
5386, 2344, 31
5385, 2343, 31
5384, 2342, 31
5383, 2341, 31
5382, 2340, 31
5381, 2339, 31
5380, 2338, 31
5380, 2337, 8
5380, 2336, 1
5379, 2335, 31
5376, 2334, 31
5374, 2333, 31
5372, 2332, 31
5371, 2331, 31
5370, 2330, 31
5369, 2329, 31
5368, 2328, 31
5366, 2327, 31
5354, 2326, 31
5347, 2325, 31
5345, 2324, 31
5343, 2324, 1
5341, 2323, 31
5340, 2322, 31
5337, 2321, 31
5335, 2320, 31
5331, 2319, 31
5328, 2318, 31
5327, 2317, 31
5325, 2316, 31
5321, 2315, 31
5318, 2314, 31
5312, 2313, 31
5308, 2313, 2
5306, 2313, 2
5303, 2313, 2
5293, 2313, 1
5292, 2312, 31
5287, 2311, 31
5282, 2310, 31
5276, 2309, 31
5272, 2308, 31
5270, 2307, 31
5268, 2306, 31
5261, 2305, 31
5260, 2304, 31
5258, 2303, 31
5256, 2302, 31
5248, 2301, 31
5244, 2300, 31
5237, 2299, 31
5234, 2298, 31
5231, 2297, 31
5228, 2296, 31
5224, 2295, 31
5222, 2294, 31
5219, 2293, 31
5218, 2292, 31
5216, 2291, 31
5215, 2290, 31
5214, 2289, 31
5213, 2288, 31
5204, 2287, 31
5203, 2286, 31
5189, 2285, 31
5188, 2284, 31
5188, 2283, 8
5188, 2282, 1
5186, 2281, 31
5184, 2280, 31
5179, 2279, 31
5178, 2278, 31
5178, 2277, 8
5178, 2276, 1
5176, 2275, 31
5174, 2274, 31
5172, 2273, 31
5171, 2272, 31
5170, 2271, 31
5169, 2270, 31
5168, 2269, 31
5167, 2268, 31
5166, 2267, 31
5165, 2266, 31
5162, 2265, 31
5160, 2264, 31
5154, 2263, 31
5150, 2262, 31
5149, 2261, 31
5148, 2260, 31
5147, 2259, 31
5144, 2258, 31
5143, 2258, 1
5139, 2257, 31
5136, 2256, 31
5129, 2255, 31
5128, 2254, 31
5126, 2253, 31
5125, 2252, 31
5123, 2251, 31
5121, 2250, 31
5120, 2249, 31
5118, 2248, 31
5115, 2247, 31
5115, 2246, 1
5112, 2245, 31
5109, 2244, 31
5093, 2243, 31
5092, 2242, 31
5087, 2241, 31
5086, 2240, 31
5081, 2239, 31
5080, 2238, 31
5075, 2237, 31
5072, 2236, 31
5071, 2235, 31
5070, 2234, 31
5070, 2233, 8
5070, 2232, 8
5070, 2231, 8
5070, 2230, 8
5070, 2229, 8
5070, 2228, 8
5070, 2227, 1
5069, 2226, 31
5068, 2225, 31
5066, 2224, 31
5064, 2223, 31
5058, 2222, 31
5054, 2221, 31
5052, 2220, 31
5050, 2219, 31
5043, 2218, 31
5042, 2217, 31
5039, 2216, 31
5038, 2215, 31
5037, 2214, 31
5037, 2213, 8
5037, 2212, 1
5035, 2211, 31
5032, 2210, 31
5031, 2209, 31
5030, 2208, 31
5028, 2207, 31
5027, 2206, 31
5026, 2205, 31
5024, 2204, 31
5022, 2203, 31
5021, 2202, 31
5019, 2201, 31
5008, 2200, 31
5006, 2199, 31
5004, 2198, 31
5003, 2197, 31
4998, 2196, 31
4995, 2195, 31
4994, 2194, 31
4991, 2193, 31
4990, 2192, 31
4986, 2191, 31
4984, 2190, 31
4982, 2189, 31
4981, 2188, 31
4981, 2187, 8
4981, 2186, 1
4979, 2185, 31
4972, 2184, 31
4970, 2183, 31
4969, 2182, 31
4969, 2181, 8
4969, 2180, 1
4967, 2179, 31
4964, 2178, 31
4961, 2177, 31
4959, 2176, 31
4955, 2175, 31
4952, 2174, 31
4950, 2173, 31
4947, 2172, 31
4944, 2171, 31
4942, 2170, 31
4940, 2169, 31
4938, 2168, 31
4935, 2167, 31
4931, 2166, 31
4930, 2165, 31
4928, 2164, 31
4925, 2163, 31
4924, 2162, 31
4923, 2161, 31
4921, 2160, 31
4918, 2159, 31
4916, 2158, 31
4915, 2157, 31
4912, 2156, 31
4908, 2155, 31
4907, 2154, 31
4906, 2153, 31
4903, 2152, 31
4902, 2151, 31
4900, 2150, 31
4895, 2149, 31
4893, 2148, 31
4892, 2147, 31
4891, 2146, 31
4890, 2145, 31
4888, 2144, 31
4886, 2143, 31
4884, 2142, 31
4882, 2141, 31
4871, 2141, 1
4867, 2140, 31
4864, 2139, 31
4863, 2138, 31
4862, 2137, 31
4859, 2136, 31
4856, 2135, 31
4854, 2134, 31
4853, 2133, 31
4851, 2132, 31
4848, 2131, 31
4846, 2130, 31
4839, 2129, 31
4832, 2128, 31
4831, 2127, 31
4829, 2126, 31
4829, 2125, 8
4829, 2124, 1
4823, 2123, 31
4822, 2122, 31
4814, 2121, 31
4813, 2120, 31
4809, 2119, 31
4807, 2119, 1
4806, 2118, 31
4802, 2117, 31
4800, 2116, 31
4800, 2115, 8
4800, 2114, 1
4799, 2113, 31
4798, 2112, 31
4797, 2111, 31
4796, 2110, 31
4795, 2109, 31
4795, 2108, 8
4795, 2107, 8
4795, 2106, 8
4795, 2105, 8
4795, 2104, 8
4795, 2103, 1
4794, 2102, 31
4791, 2101, 31
4784, 2100, 31
4778, 2099, 31
4778, 2098, 8
4778, 2097, 1
4774, 2096, 31
4772, 2095, 31
4751, 2094, 31
4751, 2093, 8
4751, 2092, 1
4749, 2091, 31
4748, 2090, 31
4747, 2089, 31
4745, 2088, 31
4742, 2087, 31
4741, 2086, 31
4738, 2085, 31
4738, 2084, 1
4736, 2083, 31
4733, 2082, 31
4728, 2081, 31
4727, 2080, 31
4724, 2079, 31
4723, 2078, 31
4722, 2077, 31
4721, 2076, 31
4714, 2075, 31
4711, 2074, 31
4708, 2073, 31
4707, 2073, 1
4706, 2072, 31
4697, 2071, 31
4696, 2070, 31
4695, 2069, 31
4694, 2068, 31
4691, 2067, 31
4690, 2066, 31
4685, 2065, 31
4684, 2064, 31
4682, 2063, 31
4681, 2062, 31
4680, 2061, 31
4678, 2060, 31
4675, 2059, 31
4673, 2058, 31
4670, 2057, 31
4669, 2056, 31
4667, 2055, 31
4660, 2054, 31
4658, 2053, 31
4657, 2052, 31
4657, 2051, 1
4653, 2050, 31
4652, 2049, 31
4650, 2048, 31
4649, 2047, 31
4644, 2046, 31
4638, 2045, 31
4636, 2044, 31
4635, 2043, 31
4631, 2042, 31
4629, 2041, 31
4621, 2040, 31
4615, 2039, 31
4608, 2038, 31
4607, 2037, 31
4605, 2036, 31
4602, 2035, 31
4599, 2034, 31
4598, 2033, 31
4596, 2033, 2
4595, 2033, 1
4594, 2032, 31
4592, 2031, 31
4591, 2030, 31
4590, 2029, 31
4589, 2029, 1
4587, 2028, 31
4586, 2027, 31
4585, 2026, 31
4584, 2025, 31
4582, 2024, 31
4581, 2023, 31
4580, 2022, 31
4576, 2021, 31
4574, 2020, 31
4573, 2019, 31
4571, 2018, 31
4570, 2017, 31
4567, 2016, 31
4565, 2015, 31
4564, 2014, 31
4562, 2013, 31
4555, 2012, 31
4553, 2011, 31
4551, 2010, 31
4549, 2009, 31
4539, 2008, 31
4532, 2007, 31
4529, 2006, 31
4528, 2006, 2
4526, 2006, 2
4525, 2006, 2
4522, 2006, 1
4521, 2005, 31
4519, 2004, 31
4516, 2003, 31
4515, 2002, 31
4514, 2001, 31
4512, 2000, 31
4509, 1999, 31
4506, 1998, 31
4505, 1997, 31
4502, 1996, 31
4501, 1995, 31
4500, 1994, 31
4499, 1993, 31
4498, 1992, 31
4496, 1991, 31
4494, 1990, 31
4491, 1989, 31
4490, 1988, 31
4487, 1987, 31
4485, 1986, 31
4482, 1985, 31
4481, 1985, 2
4479, 1985, 2
4478, 1985, 1
4475, 1984, 31
4469, 1983, 31
4466, 1982, 31
4466, 1981, 1
4460, 1980, 31
4459, 1979, 31
4458, 1978, 31
4458, 1977, 1
4456, 1976, 31
4454, 1975, 31
4453, 1974, 31
4452, 1973, 31
4446, 1972, 31
4444, 1971, 31
4442, 1970, 31
4441, 1969, 31
4435, 1969, 1
4434, 1968, 31
4433, 1968, 2
4430, 1968, 1
4429, 1967, 31
4427, 1966, 31
4426, 1965, 31
4425, 1964, 31
4424, 1963, 31
4422, 1962, 31
4421, 1961, 31
4419, 1960, 31
4416, 1959, 31
4414, 1958, 31
4413, 1957, 31
4407, 1956, 31
4406, 1955, 31
4405, 1955, 1
4401, 1954, 31
4400, 1953, 31
4398, 1952, 31
4398, 1951, 1
4394, 1950, 31
4393, 1949, 31
4389, 1948, 31
4386, 1947, 31
4384, 1946, 31
4337, 1945, 31
4336, 1944, 31
4335, 1943, 31
4332, 1942, 31
4330, 1941, 31
4329, 1940, 31
4327, 1939, 31
4325, 1938, 31
4324, 1937, 31
4322, 1936, 31
4319, 1935, 31
4318, 1934, 31
4317, 1933, 31
4316, 1932, 31
4316, 1931, 8
4316, 1930, 8
4316, 1929, 8
4316, 1928, 8
4316, 1927, 1
4315, 1926, 31
4314, 1925, 31
4310, 1924, 31
4308, 1923, 31
4304, 1922, 31
4300, 1921, 31
4298, 1920, 31
4297, 1919, 31
4297, 1918, 8
4297, 1917, 1
4294, 1916, 31
4292, 1915, 31
4292, 1914, 8
4292, 1913, 8
4292, 1912, 8
4292, 1911, 1
4290, 1910, 31
4288, 1909, 31
4286, 1908, 31
4284, 1907, 31
4283, 1906, 31
4283, 1905, 8
4283, 1904, 1
4282, 1903, 31
4281, 1902, 31
4280, 1901, 31
4279, 1900, 31
4278, 1900, 2
4277, 1900, 1
4276, 1899, 31
4272, 1898, 31
4271, 1897, 31
4267, 1896, 31
4264, 1895, 31
4264, 1894, 1
4263, 1893, 31
4259, 1892, 31
4257, 1891, 31
4256, 1890, 31
4255, 1889, 31
4254, 1888, 31
4253, 1887, 31
4252, 1886, 31
4251, 1885, 31
4251, 1884, 8
4251, 1883, 1
4250, 1882, 31
4249, 1881, 31
4249, 1880, 1
4247, 1879, 31
4245, 1878, 31
4244, 1877, 31
4241, 1876, 31
4240, 1875, 31
4237, 1874, 31
4236, 1873, 31
4234, 1872, 31
4233, 1871, 31
4226, 1870, 31
4224, 1870, 2
4223, 1870, 1
4220, 1869, 31
4218, 1868, 31
4217, 1867, 31
4215, 1866, 31
4214, 1865, 31
4212, 1864, 31
4211, 1863, 31
4208, 1862, 31
4203, 1861, 31
4200, 1860, 31
4199, 1859, 31
4197, 1858, 31
4197, 1857, 8
4197, 1856, 1
4196, 1855, 31
4193, 1854, 31
4189, 1853, 31
4187, 1852, 31
4186, 1851, 31
4183, 1850, 31
4181, 1849, 31
4180, 1848, 31
4176, 1847, 31
4175, 1846, 31
4172, 1845, 31
4170, 1844, 31
4169, 1843, 31
4167, 1842, 31
4167, 1841, 8
4167, 1840, 8
4167, 1839, 8
4167, 1838, 1
4166, 1837, 31
4165, 1836, 31
4163, 1835, 31
4161, 1834, 31
4158, 1833, 31
4157, 1832, 31
4156, 1831, 31
4153, 1830, 31
4152, 1829, 31
4149, 1828, 31
4147, 1827, 31
4143, 1826, 31
4142, 1825, 31
4139, 1824, 31
4137, 1823, 31
4134, 1822, 31
4128, 1821, 31
4128, 1820, 8
4128, 1819, 8
4128, 1818, 8
4128, 1817, 8
4128, 1816, 1
4127, 1815, 31
4126, 1814, 31
4125, 1813, 31
4124, 1812, 31
4123, 1811, 31
4122, 1810, 31
4121, 1809, 31
4121, 1808, 8
4121, 1807, 8
4121, 1806, 8
4121, 1805, 8
4121, 1804, 1
4120, 1803, 31
4119, 1802, 31
4119, 1801, 8
4119, 1800, 8
4119, 1799, 8
4119, 1798, 1
4118, 1797, 31
4117, 1796, 31
4111, 1795, 31
4108, 1794, 31
4106, 1793, 31
4105, 1792, 31
4104, 1791, 31
4102, 1790, 31
4101, 1789, 31
4099, 1788, 31
4098, 1787, 31
4097, 1786, 31
4096, 1785, 31
4094, 1784, 31
4093, 1783, 31
4091, 1782, 31
4089, 1781, 31
4087, 1780, 31
4085, 1779, 31
4083, 1779, 1
4081, 1778, 31
4079, 1777, 31
4067, 1776, 31
4064, 1775, 31
4062, 1774, 31
4059, 1773, 31
4058, 1773, 2
4057, 1773, 1
4055, 1772, 31
4053, 1771, 31
4052, 1770, 31
4050, 1769, 31
4049, 1768, 31
4047, 1767, 31
4046, 1766, 31
4045, 1765, 31
4043, 1764, 31
4041, 1763, 31
4040, 1762, 31
4037, 1761, 31
4037, 1760, 8
4037, 1759, 1
4034, 1758, 31
4033, 1757, 31
4032, 1756, 31
4030, 1755, 31
4003, 1754, 31
4002, 1753, 31
4001, 1753, 2
3998, 1753, 2
3995, 1753, 2
3994, 1753, 1
3991, 1752, 31
3990, 1751, 31
3987, 1750, 31
3986, 1749, 31
3984, 1748, 31
3984, 1747, 1
3983, 1746, 31
3982, 1745, 31
3979, 1744, 31
3979, 1743, 1
3977, 1742, 31
3973, 1741, 31
3972, 1740, 31
3970, 1739, 31
3968, 1739, 2
3967, 1739, 2
3964, 1739, 2
3961, 1739, 1
3955, 1738, 31
3952, 1737, 31
3951, 1736, 31
3950, 1735, 31
3946, 1734, 31
3944, 1733, 31
3942, 1732, 31
3941, 1731, 31
3938, 1730, 31
3933, 1729, 31
3928, 1728, 31
3926, 1727, 31
3922, 1726, 31
3920, 1725, 31
3919, 1724, 31
3915, 1723, 31
3912, 1722, 31
3911, 1721, 31
3906, 1720, 31
3905, 1719, 31
3903, 1718, 31
3902, 1717, 31
3902, 1716, 8
3902, 1715, 1
3901, 1714, 31
3900, 1713, 31
3897, 1712, 31
3896, 1711, 31
3894, 1710, 31
3894, 1709, 1
3890, 1708, 31
3889, 1707, 31
3886, 1706, 31
3884, 1705, 31
3882, 1704, 31
3881, 1703, 31
3877, 1702, 31
3874, 1701, 31
3873, 1700, 31
3869, 1699, 31
3869, 1698, 1
3866, 1697, 31
3849, 1696, 31
3846, 1695, 31
3845, 1694, 31
3845, 1693, 1
3842, 1692, 31
3833, 1691, 31
3831, 1690, 31
3831, 1689, 8
3831, 1688, 1
3830, 1687, 31
3828, 1686, 31
3825, 1685, 31
3822, 1684, 31
3819, 1683, 31
3818, 1682, 31
3815, 1681, 31
3814, 1680, 31
3811, 1679, 31
3810, 1678, 31
3809, 1677, 31
3807, 1676, 31
3806, 1675, 31
3804, 1674, 31
3803, 1673, 31
3802, 1673, 2
3798, 1673, 1
3797, 1672, 31
3794, 1671, 31
3789, 1670, 31
3774, 1669, 31
3772, 1668, 31
3771, 1667, 31
3769, 1666, 31
3768, 1665, 31
3767, 1664, 31
3767, 1663, 8
3767, 1662, 8
3767, 1661, 8
3767, 1660, 8
3767, 1659, 1
3764, 1658, 31
3763, 1657, 31
3756, 1656, 31
3754, 1655, 31
3752, 1654, 31
3751, 1653, 31
3750, 1652, 31
3750, 1651, 1
3748, 1650, 31
3747, 1649, 31
3746, 1648, 31
3745, 1647, 31
3744, 1646, 31
3743, 1645, 31
3743, 1644, 8
3743, 1643, 8
3743, 1642, 8
3743, 1641, 1
3741, 1640, 31
3741, 1639, 8
3741, 1638, 8
3741, 1637, 1
3740, 1636, 31
3737, 1635, 31
3732, 1634, 31
3731, 1633, 31
3727, 1632, 31
3726, 1631, 31
3723, 1630, 31
3722, 1629, 31
3721, 1628, 31
3720, 1627, 31
3719, 1626, 31
3705, 1625, 31
3703, 1624, 31
3702, 1623, 31
3701, 1622, 31
3700, 1621, 31
3697, 1620, 31
3695, 1619, 31
3694, 1618, 31
3693, 1617, 31
3691, 1616, 31
3690, 1615, 31
3683, 1614, 31
3681, 1613, 31
3677, 1612, 31
3676, 1611, 31
3673, 1610, 31
3668, 1609, 31
3666, 1608, 31
3665, 1607, 31
3662, 1606, 31
3660, 1605, 31
3659, 1604, 31
3652, 1603, 31
3651, 1602, 31
3650, 1601, 31
3650, 1600, 1
3649, 1599, 31
3648, 1598, 31
3646, 1597, 31
3645, 1596, 31
3644, 1595, 31
3643, 1594, 31
3639, 1593, 31
3639, 1592, 8
3639, 1591, 8
3639, 1590, 8
3639, 1589, 8
3639, 1588, 1
3635, 1587, 31
3631, 1586, 31
3615, 1585, 31
3615, 1584, 1
3613, 1583, 31
3611, 1582, 31
3608, 1581, 31
3607, 1580, 31
3606, 1579, 31
3605, 1578, 31
3604, 1577, 31
3603, 1576, 31
3602, 1575, 31
3601, 1574, 31
3598, 1573, 31
3597, 1572, 31
3595, 1571, 31
3593, 1570, 31
3589, 1569, 31
3586, 1568, 31
3579, 1567, 31
3573, 1566, 31
3569, 1565, 31
3566, 1564, 31
3565, 1563, 31
3563, 1562, 31
3561, 1561, 31
3560, 1560, 31
3547, 1559, 31
3547, 1558, 1
3544, 1557, 31
3542, 1556, 31
3539, 1555, 31
3537, 1554, 31
3536, 1553, 31
3535, 1552, 31
3534, 1551, 31
3533, 1550, 31
3530, 1549, 31
3527, 1548, 31
3526, 1547, 31
3524, 1547, 2
3523, 1547, 1
3520, 1546, 31
3512, 1545, 31
3511, 1544, 31
3506, 1543, 31
3503, 1542, 31
3498, 1541, 31
3496, 1540, 31
3494, 1540, 2
3492, 1540, 1
3484, 1539, 31
3483, 1538, 31
3480, 1537, 31
3479, 1536, 31
3476, 1535, 31
3475, 1534, 31
3474, 1533, 31
3472, 1532, 31
3471, 1531, 31
3465, 1530, 31
3463, 1529, 31
3461, 1528, 31
3459, 1528, 1
3458, 1527, 31
3456, 1526, 31
3454, 1525, 31
3449, 1525, 2
3446, 1525, 2
3445, 1525, 2
3444, 1525, 1
3443, 1524, 31
3442, 1523, 31
3441, 1522, 31
3437, 1521, 31
3434, 1520, 31
3431, 1519, 31
3429, 1518, 31
3426, 1517, 31
3423, 1516, 31
3419, 1515, 31
3418, 1514, 31
3417, 1513, 31
3415, 1512, 31
3414, 1511, 31
3412, 1510, 31
3409, 1509, 31
3407, 1508, 31
3405, 1507, 31
3404, 1506, 31
3402, 1505, 31
3401, 1504, 31
3400, 1503, 31
3399, 1502, 31
3399, 1501, 1
3389, 1500, 31
3387, 1499, 31
3386, 1498, 31
3384, 1497, 31
3384, 1496, 8
3384, 1495, 1
3383, 1494, 31
3380, 1493, 31
3379, 1492, 31
3377, 1491, 31
3376, 1490, 31
3373, 1489, 31
3369, 1488, 31
3368, 1487, 31
3366, 1486, 31
3365, 1485, 31
3364, 1484, 31
3362, 1483, 31
3361, 1482, 31
3361, 1481, 1
3360, 1480, 31
3359, 1479, 31
3358, 1478, 31
3356, 1477, 31
3355, 1476, 31
3354, 1475, 31
3353, 1474, 31
3350, 1473, 31
3348, 1472, 31
3348, 1471, 8
3348, 1470, 8
3348, 1469, 1
3347, 1468, 31
3346, 1467, 31
3345, 1466, 31
3344, 1465, 31
3343, 1464, 31
3342, 1463, 31
3339, 1462, 31
3338, 1461, 31
3334, 1460, 31
3333, 1459, 31
3331, 1458, 31
3328, 1457, 31
3327, 1456, 31
3326, 1455, 31
3325, 1454, 31
3324, 1453, 31
3324, 1452, 1
3323, 1451, 31
3322, 1450, 31
3320, 1449, 31
3294, 1448, 31
3293, 1447, 31
3291, 1446, 31
3290, 1445, 31
3289, 1444, 31
3287, 1443, 31
3283, 1442, 31
3283, 1441, 1
3280, 1440, 31
3279, 1439, 31
3278, 1438, 31
3275, 1437, 31
3274, 1436, 31
3272, 1436, 2
3270, 1436, 1
3268, 1435, 31
3265, 1434, 31
3257, 1433, 31
3255, 1432, 31
3252, 1431, 31
3249, 1430, 31
3163, 1429, 31
3163, 1428, 8
3163, 1427, 1
3158, 1426, 31
3156, 1425, 31
3152, 1424, 31
3149, 1423, 31
3131, 1422, 31
3129, 1421, 31
3127, 1420, 31
3125, 1419, 31
3123, 1418, 31
3122, 1417, 31
3119, 1416, 31
3119, 1415, 8
3119, 1414, 1
3118, 1413, 31
3111, 1412, 31
3106, 1411, 31
3105, 1410, 31
3102, 1410, 2
3099, 1410, 2
3097, 1410, 1
3090, 1409, 31
3088, 1408, 31
3087, 1407, 31
3086, 1406, 31
3085, 1405, 31
3084, 1404, 31
3082, 1403, 31
3078, 1402, 31
3075, 1401, 31
3074, 1400, 31
3073, 1399, 31
3072, 1399, 1
3069, 1398, 31
3068, 1397, 31
3067, 1396, 31
3065, 1395, 31
3061, 1394, 31
3055, 1393, 31
3054, 1392, 31
3051, 1391, 31
3047, 1390, 31
3045, 1389, 31
3038, 1388, 31
3038, 1387, 8
3038, 1386, 8
3038, 1385, 8
3038, 1384, 1
3034, 1383, 31
3029, 1382, 31
3028, 1381, 31
3025, 1380, 31
3023, 1379, 31
3021, 1378, 31
3019, 1377, 31
3018, 1376, 31
3011, 1375, 31
3009, 1374, 31
3008, 1373, 31
3005, 1373, 1
3003, 1372, 31
3002, 1371, 31
3001, 1370, 31
3000, 1369, 31
2999, 1368, 31
2998, 1367, 31
2997, 1366, 31
2996, 1365, 31
2994, 1364, 31
2993, 1363, 31
2991, 1362, 31
2988, 1361, 31
2987, 1361, 1
2986, 1360, 31
2984, 1359, 31
2983, 1358, 31
2983, 1357, 8
2983, 1356, 8
2983, 1355, 8
2983, 1354, 8
2983, 1353, 1
2982, 1352, 31
2981, 1351, 31
2980, 1350, 31
2978, 1349, 31
2976, 1348, 31
2975, 1347, 31
2972, 1346, 31
2971, 1345, 31
2970, 1344, 31
2969, 1343, 31
2967, 1342, 31
2964, 1341, 31
2962, 1340, 31
2959, 1339, 31
2958, 1339, 2
2956, 1339, 1
2955, 1338, 31
2950, 1337, 31
2949, 1336, 31
2945, 1335, 31
2943, 1334, 31
2942, 1333, 31
2939, 1332, 31
2938, 1331, 31
2937, 1330, 31
2936, 1329, 31
2934, 1328, 31
2932, 1327, 31
2930, 1326, 31
2927, 1325, 31
2925, 1324, 31
2922, 1324, 1
2919, 1323, 31
2917, 1322, 31
2916, 1321, 31
2915, 1320, 31
2908, 1319, 31
2905, 1318, 31
2903, 1317, 31
2901, 1316, 31
2897, 1315, 31
2896, 1314, 31
2894, 1313, 31
2882, 1312, 31
2880, 1311, 31
2879, 1310, 31
2876, 1309, 31
2875, 1308, 31
2873, 1307, 31
2870, 1306, 31
2869, 1305, 31
2867, 1304, 31
2863, 1303, 31
2861, 1302, 31
2860, 1301, 31
2859, 1300, 31
2853, 1300, 2
2851, 1300, 1
2850, 1299, 31
2848, 1298, 31
2846, 1297, 31
2844, 1296, 31
2827, 1295, 31
2826, 1294, 31
2822, 1293, 31
2821, 1292, 31
2817, 1292, 2
2815, 1292, 2
2812, 1292, 1
2805, 1291, 31
2804, 1290, 31
2802, 1289, 31
2796, 1288, 31
2794, 1287, 31
2793, 1286, 31
2791, 1285, 31
2790, 1284, 31
2789, 1283, 31
2788, 1282, 31
2786, 1281, 31
2775, 1280, 31
2771, 1279, 31
2771, 1278, 8
2771, 1277, 1
2768, 1276, 31
2765, 1275, 31
2762, 1274, 31
2760, 1273, 31
2758, 1272, 31
2757, 1271, 31
2737, 1270, 31
2736, 1269, 31
2734, 1268, 31
2733, 1267, 31
2732, 1266, 31
2715, 1265, 31
2697, 1264, 31
2692, 1263, 31
2689, 1262, 31
2688, 1261, 31
2686, 1260, 31
2684, 1259, 31
2682, 1258, 31
2681, 1257, 31
2677, 1256, 31
2676, 1255, 31
2675, 1254, 31
2674, 1253, 31
2674, 1252, 8
2674, 1251, 1
2672, 1250, 31
2670, 1249, 31
2667, 1248, 31
2665, 1247, 31
2662, 1246, 31
2661, 1245, 31
2648, 1244, 31
2587, 1243, 31
2585, 1242, 31
2582, 1241, 31
2581, 1240, 31
2577, 1239, 31
2576, 1238, 31
2573, 1237, 31
2570, 1236, 31
2564, 1235, 31
2564, 1234, 1
2563, 1233, 31
2562, 1232, 31
2560, 1231, 31
2559, 1230, 31
2557, 1229, 31
2556, 1228, 31
2549, 1227, 31
2545, 1226, 31
2545, 1225, 8
2545, 1224, 8
2545, 1223, 1
2541, 1222, 31
2533, 1221, 31
2530, 1220, 31
2525, 1219, 31
2523, 1218, 31
2521, 1217, 31
2518, 1216, 31
2515, 1215, 31
2512, 1214, 31
2511, 1213, 31
2508, 1212, 31
2505, 1211, 31
2504, 1210, 31
2504, 1209, 1
2502, 1208, 31
2500, 1207, 31
2499, 1206, 31
2492, 1205, 31
2491, 1204, 31
2489, 1203, 31
2484, 1202, 31
2483, 1201, 31
2481, 1200, 31
2479, 1199, 31
2474, 1198, 31
2473, 1197, 31
2472, 1197, 1
2471, 1196, 31
2469, 1195, 31
2468, 1194, 31
2466, 1193, 31
2463, 1192, 31
2461, 1191, 31
2460, 1190, 31
2455, 1189, 31
2452, 1188, 31
2452, 1187, 1
2451, 1186, 31
2450, 1185, 31
2446, 1184, 31
2442, 1183, 31
2441, 1182, 31
2440, 1181, 31
2439, 1180, 31
2439, 1179, 8
2439, 1178, 8
2439, 1177, 8
2439, 1176, 8
2439, 1175, 8
2439, 1174, 1
2438, 1173, 31
2435, 1172, 31
2427, 1171, 31
2426, 1170, 31
2424, 1169, 31
2422, 1168, 31
2421, 1167, 31
2419, 1166, 31
2416, 1165, 31
2410, 1164, 31
2409, 1163, 31
2405, 1162, 31
2401, 1161, 31
2399, 1160, 31
2398, 1159, 31
2397, 1158, 31
2396, 1157, 31
2396, 1156, 8
2396, 1155, 1
2395, 1154, 31
2394, 1153, 31
2394, 1152, 8
2394, 1151, 8
2394, 1150, 8
2394, 1149, 8
2394, 1148, 1
2393, 1147, 31
2387, 1146, 31
2386, 1145, 31
2386, 1144, 8
2386, 1143, 8
2386, 1142, 1
2384, 1141, 31
2383, 1140, 31
2380, 1139, 31
2374, 1138, 31
2371, 1137, 31
2370, 1136, 31
2368, 1135, 31
2367, 1134, 31
2358, 1133, 31
2358, 1132, 8
2358, 1131, 1
2355, 1130, 31
2353, 1129, 31
2353, 1128, 8
2353, 1127, 8
2353, 1126, 1
2352, 1125, 31
2349, 1124, 31
2348, 1123, 31
2344, 1122, 31
2342, 1121, 31
2340, 1120, 31
2339, 1119, 31
2337, 1118, 31
2336, 1117, 31
2332, 1116, 31
2331, 1115, 31
2330, 1114, 31
2324, 1113, 31
2323, 1112, 31
2321, 1111, 31
2314, 1110, 31
2313, 1109, 31
2312, 1108, 31
2311, 1107, 31
2306, 1106, 31
2305, 1105, 31
2300, 1104, 31
2291, 1103, 31
2291, 1102, 8
2291, 1101, 8
2291, 1100, 8
2291, 1099, 1
2290, 1098, 31
2287, 1097, 31
2286, 1096, 31
2280, 1095, 31
2277, 1094, 31
2272, 1093, 31
2269, 1092, 31
2268, 1091, 31
2265, 1090, 31
2264, 1089, 31
2263, 1088, 31
2262, 1087, 31
2261, 1086, 31
2259, 1085, 31
2258, 1084, 31
2255, 1083, 31
2253, 1082, 31
2252, 1082, 1
2244, 1081, 31
2243, 1080, 31
2242, 1079, 31
2238, 1078, 31
2237, 1077, 31
2235, 1076, 31
2221, 1075, 31
2218, 1074, 31
2217, 1073, 31
2215, 1072, 31
2210, 1071, 31
2207, 1070, 31
2205, 1070, 1
2202, 1069, 31
2195, 1068, 31
2193, 1067, 31
2191, 1067, 1
2184, 1066, 31
2158, 1065, 31
2155, 1064, 31
2140, 1063, 31
2139, 1062, 31
2136, 1061, 31
2135, 1060, 31
2133, 1059, 31
2130, 1059, 2
2127, 1059, 2
2123, 1059, 1
2121, 1058, 31
2118, 1057, 31
2115, 1056, 31
2113, 1055, 31
2111, 1054, 31
2104, 1053, 31
2102, 1052, 31
2099, 1051, 31
2097, 1050, 31
2093, 1049, 31
2091, 1048, 31
2090, 1047, 31
2088, 1046, 31
2085, 1045, 31
2084, 1044, 31
2083, 1043, 31
2082, 1042, 31
2081, 1041, 31
2080, 1040, 31
2079, 1039, 31
2078, 1038, 31
2077, 1037, 31
2075, 1036, 31
2074, 1035, 31
2073, 1034, 31
2072, 1033, 31
2071, 1032, 31
2069, 1031, 31
2068, 1030, 31
2060, 1030, 2
2058, 1030, 1
2055, 1029, 31
2053, 1028, 31
2052, 1027, 31
2049, 1026, 31
2046, 1025, 31
2045, 1024, 31
2044, 1023, 31
2043, 1022, 31
2043, 1021, 8
2043, 1020, 8
2043, 1019, 8
2043, 1018, 8
2043, 1017, 1
2042, 1016, 31
2041, 1015, 31
2040, 1014, 31
2039, 1013, 31
2036, 1012, 31
2035, 1011, 31
2031, 1010, 31
2029, 1009, 31
2028, 1008, 31
2023, 1007, 31
2022, 1006, 31
2022, 1005, 8
2022, 1004, 8
2022, 1003, 1
2020, 1002, 31
2019, 1001, 31
2017, 1000, 31
2014, 999, 31
2013, 998, 31
2012, 997, 31
2011, 996, 31
2008, 995, 31
2006, 994, 31
2006, 993, 8
2006, 992, 8
2006, 991, 1
1997, 990, 31
1996, 989, 31
1993, 988, 31
1992, 987, 31
1990, 986, 31
1988, 985, 31
1987, 984, 31
1986, 983, 31
1986, 982, 8
1986, 981, 1
1982, 980, 31
1981, 979, 31
1980, 978, 31
1965, 977, 31
1964, 976, 31
1962, 975, 31
1962, 974, 8
1962, 973, 1
1961, 972, 31
1956, 971, 31
1954, 970, 31
1953, 970, 1
1949, 969, 31
1946, 968, 31
1945, 967, 31
1942, 966, 31
1937, 965, 31
1933, 964, 31
1929, 963, 31
1921, 962, 31
1920, 961, 31
1917, 960, 31
1915, 959, 31
1915, 958, 8
1915, 957, 8
1915, 956, 8
1915, 955, 1
1912, 954, 31
1908, 953, 31
1905, 952, 31
1904, 951, 31
1901, 950, 31
1900, 949, 31
1900, 948, 1
1895, 947, 31
1893, 946, 31
1890, 945, 31
1889, 944, 31
1888, 943, 31
1886, 942, 31
1885, 942, 1
1884, 941, 31
1883, 940, 31
1882, 939, 31
1881, 938, 31
1880, 937, 31
1879, 936, 31
1878, 935, 31
1877, 934, 31
1876, 933, 31
1875, 932, 31
1872, 931, 31
1871, 930, 31
1869, 929, 31
1868, 928, 31
1868, 927, 1
1862, 926, 31
1859, 925, 31
1858, 924, 31
1854, 923, 31
1849, 923, 1
1847, 922, 31
1845, 921, 31
1840, 920, 31
1838, 919, 31
1837, 918, 31
1836, 917, 31
1835, 916, 31
1833, 915, 31
1832, 914, 31
1832, 913, 8
1832, 912, 8
1832, 911, 8
1832, 910, 1
1830, 909, 31
1828, 908, 31
1826, 907, 31
1825, 906, 31
1823, 905, 31
1821, 904, 31
1821, 903, 8
1821, 902, 1
1820, 901, 31
1819, 900, 31
1818, 899, 31
1818, 898, 8
1818, 897, 8
1818, 896, 1
1817, 895, 31
1816, 894, 31
1813, 893, 31
1812, 892, 31
1811, 891, 31
1810, 890, 31
1807, 889, 31
1805, 888, 31
1805, 887, 1
1804, 886, 31
1800, 885, 31
1799, 884, 31
1798, 883, 31
1798, 882, 8
1798, 881, 8
1798, 880, 1
1797, 879, 31
1795, 878, 31
1792, 877, 31
1791, 876, 31
1788, 875, 31
1788, 874, 8
1788, 873, 8
1788, 872, 1
1787, 871, 31
1785, 870, 31
1784, 869, 31
1782, 868, 31
1780, 867, 31
1777, 866, 31
1775, 865, 31
1774, 864, 31
1773, 863, 31
1771, 862, 31
1770, 861, 31
1767, 860, 31
1767, 859, 1
1763, 858, 31
1760, 857, 31
1759, 856, 31
1756, 855, 31
1755, 854, 31
1752, 853, 31
1750, 852, 31
1748, 851, 31
1747, 850, 31
1740, 849, 31
1739, 849, 1
1735, 848, 31
1734, 847, 31
1732, 846, 31
1729, 845, 31
1728, 844, 31
1726, 843, 31
1716, 842, 31
1714, 841, 31
1712, 840, 31
1711, 839, 31
1709, 838, 31
1708, 837, 31
1705, 836, 31
1697, 835, 31
1696, 834, 31
1694, 833, 31
1693, 832, 31
1689, 831, 31
1688, 830, 31
1687, 829, 31
1683, 828, 31
1682, 827, 31
1680, 826, 31
1679, 825, 31
1678, 824, 31
1677, 823, 31
1677, 822, 8
1677, 821, 1
1676, 820, 31
1674, 819, 31
1673, 818, 31
1672, 817, 31
1671, 816, 31
1670, 815, 31
1667, 814, 31
1666, 813, 31
1663, 812, 31
1655, 811, 31
1653, 810, 31
1651, 809, 31
1650, 808, 31
1649, 807, 31
1647, 806, 31
1644, 805, 31
1641, 804, 31
1640, 803, 31
1640, 802, 1
1639, 801, 31
1638, 800, 31
1636, 799, 31
1634, 798, 31
1634, 797, 1
1628, 796, 31
1627, 795, 31
1625, 794, 31
1620, 793, 31
1617, 792, 31
1616, 791, 31
1615, 790, 31
1613, 789, 31
1612, 788, 31
1611, 787, 31
1609, 786, 31
1607, 785, 31
1606, 784, 31
1605, 783, 31
1601, 782, 31
1599, 781, 31
1596, 780, 31
1595, 779, 31
1594, 778, 31
1593, 777, 31
1592, 776, 31
1591, 775, 31
1589, 774, 31
1587, 773, 31
1585, 773, 2
1583, 773, 1
1581, 772, 31
1580, 771, 31
1577, 770, 31
1576, 769, 31
1574, 768, 31
1571, 767, 31
1569, 766, 31
1555, 765, 31
1554, 764, 31
1552, 763, 31
1551, 762, 31
1551, 761, 8
1551, 760, 8
1551, 759, 8
1551, 758, 8
1551, 757, 8
1551, 756, 8
1551, 755, 8
1551, 754, 1
1550, 753, 31
1549, 752, 31
1548, 751, 31
1547, 750, 31
1546, 749, 31
1546, 748, 8
1546, 747, 8
1546, 746, 8
1546, 745, 8
1546, 744, 8
1546, 743, 8
1546, 742, 8
1546, 741, 8
1546, 740, 8
1546, 739, 1
1545, 738, 31
1544, 737, 31
1543, 736, 31
1540, 735, 31
1539, 734, 31
1537, 733, 31
1537, 732, 8
1537, 731, 1
1535, 730, 31
1533, 729, 31
1531, 728, 31
1529, 727, 31
1527, 726, 31
1526, 725, 31
1525, 724, 31
1525, 723, 8
1525, 722, 8
1525, 721, 8
1525, 720, 1
1524, 719, 31
1522, 718, 31
1520, 717, 31
1519, 716, 31
1517, 716, 1
1516, 715, 31
1515, 714, 31
1514, 713, 31
1514, 712, 8
1514, 711, 8
1514, 710, 1
1513, 709, 31
1510, 708, 31
1509, 707, 31
1503, 706, 31
1501, 705, 31
1499, 704, 31
1498, 703, 31
1478, 702, 31
1474, 701, 31
1472, 700, 31
1472, 699, 1
1458, 698, 31
1454, 697, 31
1453, 696, 31
1448, 695, 31
1445, 694, 31
1444, 693, 31
1444, 692, 8
1444, 691, 1
1443, 690, 31
1441, 689, 31
1440, 688, 31
1435, 687, 31
1434, 686, 31
1434, 685, 8
1434, 684, 1
1432, 683, 31
1429, 682, 31
1427, 681, 31
1423, 680, 31
1420, 679, 31
1417, 678, 31
1411, 677, 31
1407, 676, 31
1404, 675, 31
1391, 674, 31
1389, 673, 31
1389, 672, 1
1388, 671, 31
1383, 670, 31
1374, 669, 31
1372, 668, 31
1370, 667, 31
1367, 666, 31
1365, 665, 31
1364, 664, 31
1363, 663, 31
1361, 662, 31
1360, 661, 31
1356, 660, 31
1353, 659, 31
1349, 658, 31
1347, 657, 31
1345, 656, 31
1342, 655, 31
1339, 654, 31
1337, 653, 31
1336, 652, 31
1335, 651, 31
1334, 650, 31
1333, 649, 31
1332, 648, 31
1331, 647, 31
1330, 646, 31
1328, 645, 31
1328, 644, 1
1327, 643, 31
1325, 642, 31
1324, 641, 31
1320, 640, 31
1317, 639, 31
1314, 638, 31
1313, 638, 1
1312, 637, 31
1308, 636, 31
1307, 635, 31
1307, 634, 8
1307, 633, 1
1306, 632, 31
1302, 631, 31
1301, 630, 31
1300, 630, 1
1299, 629, 31
1297, 628, 31
1296, 627, 31
1296, 626, 8
1296, 625, 8
1296, 624, 8
1296, 623, 1
1294, 622, 31
1291, 621, 31
1290, 620, 31
1289, 619, 31
1287, 618, 31
1287, 617, 1
1285, 616, 31
1282, 615, 31
1281, 614, 31
1278, 613, 31
1276, 612, 31
1275, 611, 31
1272, 610, 31
1271, 609, 31
1267, 608, 31
1265, 607, 31
1262, 606, 31
1260, 605, 31
1259, 604, 31
1258, 603, 31
1257, 602, 31
1256, 601, 31
1253, 600, 31
1249, 599, 31
1247, 598, 31
1245, 597, 31
1244, 596, 31
1241, 595, 31
1239, 594, 31
1238, 593, 31
1238, 592, 1
1235, 591, 31
1234, 590, 31
1232, 589, 31
1230, 588, 31
1228, 587, 31
1225, 586, 31
1224, 585, 31
1221, 584, 31
1221, 583, 8
1221, 582, 8
1221, 581, 1
1219, 580, 31
1218, 579, 31
1218, 578, 8
1218, 577, 8
1218, 576, 8
1218, 575, 8
1218, 574, 1
1217, 573, 31
1216, 572, 31
1213, 571, 31
1211, 570, 31
1206, 569, 31
1204, 568, 31
1201, 567, 31
1198, 566, 31
1197, 565, 31
1197, 564, 1
1195, 563, 31
1186, 562, 31
1184, 561, 31
1183, 560, 31
1182, 559, 31
1180, 558, 31
1179, 557, 31
1177, 556, 31
1175, 555, 31
1174, 554, 31
1173, 553, 31
1172, 552, 31
1171, 551, 31
1171, 550, 8
1171, 549, 1
1170, 548, 31
1169, 547, 31
1168, 546, 31
1166, 545, 31
1165, 544, 31
1161, 543, 31
1157, 542, 31
1157, 541, 8
1157, 540, 1
1156, 539, 31
1155, 538, 31
1154, 537, 31
1152, 536, 31
1151, 535, 31
1150, 534, 31
1149, 533, 31
1147, 532, 31
1145, 531, 31
1144, 530, 31
1133, 529, 31
1131, 528, 31
1130, 527, 31
1130, 526, 8
1130, 525, 8
1130, 524, 8
1130, 523, 8
1130, 522, 1
1129, 521, 31
1127, 520, 31
1126, 519, 31
1124, 518, 31
1123, 517, 31
1122, 516, 31
1121, 515, 31
1120, 514, 31
1116, 513, 31
1115, 512, 31
1114, 511, 31
1109, 510, 31
1107, 509, 31
1106, 508, 31
1105, 507, 31
1103, 506, 31
1101, 505, 31
1100, 504, 31
1099, 503, 31
1099, 502, 8
1099, 501, 1
1098, 500, 31
1097, 499, 31
1087, 498, 31
1085, 497, 31
1084, 496, 31
1081, 495, 31
1079, 494, 31
1078, 493, 31
1077, 492, 31
1075, 491, 31
1074, 490, 31
1071, 489, 31
1069, 488, 31
1066, 487, 31
1065, 486, 31
1063, 485, 31
1060, 484, 31
1060, 483, 8
1060, 482, 8
1060, 481, 1
1057, 480, 31
1039, 479, 31
1037, 478, 31
1035, 477, 31
1033, 476, 31
1029, 475, 31
1028, 474, 31
1022, 473, 31
1019, 472, 31
1016, 471, 31
1014, 470, 31
1012, 469, 31
1009, 468, 31
1007, 468, 1
1003, 467, 31
1002, 466, 31
1000, 465, 31
999, 464, 31
998, 463, 31
983, 462, 31
981, 461, 31
976, 460, 31
973, 459, 31
971, 458, 31
970, 457, 31
968, 456, 31
967, 455, 31
965, 454, 31
964, 453, 31
962, 452, 31
959, 451, 31
958, 450, 31
956, 449, 31
952, 448, 31
952, 447, 8
952, 446, 8
952, 445, 8
952, 444, 1
951, 443, 31
950, 442, 31
948, 441, 31
945, 440, 31
944, 439, 31
940, 438, 31
939, 437, 31
938, 436, 31
937, 435, 31
936, 434, 31
935, 433, 31
932, 432, 31
931, 431, 31
928, 430, 31
926, 429, 31
924, 428, 31
923, 427, 31
919, 426, 31
917, 425, 31
915, 424, 31
914, 423, 31
912, 422, 31
909, 421, 31
908, 420, 31
906, 419, 31
903, 418, 31
901, 417, 31
900, 416, 31
898, 415, 31
896, 414, 31
896, 413, 8
896, 412, 1
894, 411, 31
890, 410, 31
889, 409, 31
888, 408, 31
885, 408, 2
883, 408, 2
879, 408, 1
876, 407, 31
875, 406, 31
872, 405, 31
868, 404, 31
867, 403, 31
866, 402, 31
865, 401, 31
864, 400, 31
863, 399, 31
861, 398, 31
859, 397, 31
859, 396, 8
859, 395, 8
859, 394, 8
859, 393, 8
859, 392, 1
855, 391, 31
854, 390, 31
851, 390, 1
848, 389, 31
844, 388, 31
843, 387, 31
840, 386, 31
838, 385, 31
834, 384, 31
832, 383, 31
831, 382, 31
829, 381, 31
825, 380, 31
823, 379, 31
820, 378, 31
819, 377, 31
818, 376, 31
818, 375, 8
818, 374, 8
818, 373, 1
815, 372, 31
814, 371, 31
813, 370, 31
811, 369, 31
810, 368, 31
807, 367, 31
805, 366, 31
801, 365, 31
799, 364, 31
798, 363, 31
798, 362, 1
793, 361, 31
790, 360, 31
787, 359, 31
784, 358, 31
781, 357, 31
779, 356, 31
779, 355, 8
779, 354, 1
777, 353, 31
776, 352, 31
775, 351, 31
772, 350, 31
771, 349, 31
766, 348, 31
765, 347, 31
764, 346, 31
763, 345, 31
757, 344, 31
753, 343, 31
749, 342, 31
747, 341, 31
746, 340, 31
743, 339, 31
740, 338, 31
737, 337, 31
735, 336, 31
735, 335, 8
735, 334, 1
732, 333, 31
729, 332, 31
726, 331, 31
723, 330, 31
722, 329, 31
721, 328, 31
716, 327, 31
714, 326, 31
711, 325, 31
709, 324, 31
706, 323, 31
704, 322, 31
703, 321, 31
700, 320, 31
699, 319, 31
697, 318, 31
696, 317, 31
695, 316, 31
694, 315, 31
693, 314, 31
692, 313, 31
690, 312, 31
689, 311, 31
689, 310, 1
688, 309, 31
686, 308, 31
682, 307, 31
682, 306, 8
682, 305, 1
680, 304, 31
677, 303, 31
673, 302, 31
671, 301, 31
671, 300, 1
670, 299, 31
665, 298, 31
660, 297, 31
656, 296, 31
655, 295, 31
653, 294, 31
652, 293, 31
652, 292, 8
652, 291, 1
651, 290, 31
650, 289, 31
649, 288, 31
648, 287, 31
647, 287, 1
646, 286, 31
645, 285, 31
644, 284, 31
643, 283, 31
642, 282, 31
640, 281, 31
639, 280, 31
637, 279, 31
637, 278, 1
636, 277, 31
635, 276, 31
635, 275, 1
634, 274, 31
634, 273, 8
634, 272, 8
634, 271, 8
634, 270, 8
634, 269, 1
631, 268, 31
630, 267, 31
626, 266, 31
625, 265, 31
623, 264, 31
623, 263, 8
623, 262, 8
623, 261, 8
623, 260, 8
623, 259, 1
622, 258, 31
621, 257, 31
620, 256, 31
619, 255, 31
619, 254, 8
619, 253, 1
617, 252, 31
615, 251, 31
613, 250, 31
611, 249, 31
610, 248, 31
607, 247, 31
605, 246, 31
604, 245, 31
602, 244, 31
599, 243, 31
598, 242, 31
596, 241, 31
593, 240, 31
587, 239, 31
586, 238, 31
584, 237, 31
583, 236, 31
582, 235, 31
576, 234, 31
576, 233, 8
576, 232, 1
573, 231, 31
571, 230, 31
568, 229, 31
566, 228, 31
565, 227, 31
564, 226, 31
563, 225, 31
562, 224, 31
561, 223, 31
561, 222, 1
560, 221, 31
559, 220, 31
558, 219, 31
557, 218, 31
555, 217, 31
554, 216, 31
553, 215, 31
552, 214, 31
551, 213, 31
536, 212, 31
535, 211, 31
533, 210, 31
531, 209, 31
528, 208, 31
525, 207, 31
523, 206, 31
520, 205, 31
519, 204, 31
518, 203, 31
517, 202, 31
516, 201, 31
514, 200, 31
513, 199, 31
511, 198, 31
507, 197, 31
506, 196, 31
504, 195, 31
498, 194, 31
492, 193, 31
488, 192, 31
486, 191, 31
482, 190, 31
480, 189, 31
479, 188, 31
472, 187, 31
466, 186, 31
463, 185, 31
461, 184, 31
458, 183, 31
457, 182, 31
453, 181, 31
452, 180, 31
450, 179, 31
449, 178, 31
448, 177, 31
447, 176, 31
446, 175, 31
445, 174, 31
444, 174, 1
443, 173, 31
442, 172, 31
439, 171, 31
437, 170, 31
434, 169, 31
434, 168, 8
434, 167, 1
432, 166, 31
431, 165, 31
430, 164, 31
428, 163, 31
426, 162, 31
423, 161, 31
422, 161, 1
421, 160, 31
420, 159, 31
417, 158, 31
414, 157, 31
412, 156, 31
408, 155, 31
406, 154, 31
400, 153, 31
399, 152, 31
397, 151, 31
393, 150, 31
392, 149, 31
390, 148, 31
389, 147, 31
384, 146, 31
383, 145, 31
374, 144, 31
367, 143, 31
364, 143, 2
361, 143, 1
355, 142, 31
353, 141, 31
352, 140, 31
348, 139, 31
348, 138, 1
347, 137, 31
346, 136, 31
345, 136, 1
344, 135, 31
343, 134, 31
338, 133, 31
335, 132, 31
332, 131, 31
331, 130, 31
328, 129, 31
328, 128, 8
328, 127, 1
327, 126, 31
324, 125, 31
322, 124, 31
320, 123, 31
315, 122, 31
314, 121, 31
299, 120, 31
295, 119, 31
292, 118, 31
291, 117, 31
288, 116, 31
285, 115, 31
283, 114, 31
279, 113, 31
269, 112, 31
269, 111, 1
268, 110, 31
265, 109, 31
261, 108, 31
258, 107, 31
257, 106, 31
253, 106, 1
249, 105, 31
248, 104, 31
247, 103, 31
246, 102, 31
245, 102, 1
243, 101, 31
242, 100, 31
241, 99, 31
240, 98, 31
239, 97, 31
237, 96, 31
235, 95, 31
219, 94, 31
218, 93, 31
217, 92, 31
217, 91, 8
217, 90, 1
213, 89, 31
210, 88, 31
209, 87, 31
208, 86, 31
204, 85, 31
203, 84, 31
202, 83, 31
201, 82, 31
200, 81, 31
198, 80, 31
195, 79, 31
195, 78, 8
195, 77, 1
191, 76, 31
189, 75, 31
188, 74, 31
185, 73, 31
180, 72, 31
177, 71, 31
176, 70, 31
173, 69, 31
172, 68, 31
171, 67, 31
169, 66, 31
167, 65, 31
156, 64, 31
150, 63, 31
148, 63, 1
144, 62, 31
143, 61, 31
142, 60, 31
139, 59, 31
137, 58, 31
133, 57, 31
131, 56, 31
131, 55, 8
131, 54, 1
128, 53, 31
111, 52, 31
109, 51, 31
107, 50, 31
105, 50, 2
104, 50, 1
100, 49, 31
99, 48, 31
98, 47, 31
94, 46, 31
93, 45, 31
92, 44, 31
89, 43, 31
87, 42, 31
87, 41, 8
87, 40, 8
87, 39, 1
84, 38, 31
82, 37, 31
78, 36, 31
77, 35, 31
76, 34, 31
75, 33, 31
73, 32, 31
69, 31, 31
67, 30, 31
63, 29, 31
62, 28, 31
61, 27, 31
61, 26, 1
60, 25, 31
59, 24, 31
58, 23, 31
57, 22, 31
55, 21, 31
54, 20, 31
52, 19, 31
50, 18, 31
49, 17, 31
48, 16, 31
47, 15, 31
46, 14, 31
46, 13, 1
45, 12, 31
45, 11, 1
37, 10, 31
36, 9, 31
23, 8, 31
22, 7, 31
21, 6, 31
4, 5, 31
2, 4, 31
2, 3, 8
2, 2, 1
0, 1, 31
