backtrack_size:1736
index:1	,beg:0
(0,3)	(1,0)	(2,1)	(3,1)	(4,0)	(5,1)	(6,1)	(7,1)	(8,0)	(9,1)	(10,1)	(11,1)	(12,0)	(13,1)	(14,1)	(15,1)	
index:2	,beg:16
(16,3)	(17,0)	(18,0)	(19,0)	(20,0)	(21,1)	(22,1)	(23,1)	(24,0)	(25,1)	(26,1)	(27,1)	(28,0)	(29,1)	(30,1)	(31,1)	
index:3	,beg:32
(32,3)	(33,3)	(34,0)	(35,0)	(36,3)	(37,0)	(38,0)	(39,1)	(40,1)	(41,1)	(42,0)	(43,1)	(44,1)	(45,1)	(46,0)	(47,0)	
index:4	,beg:48
(48,3)	(49,0)	(50,1)	(51,1)	(52,0)	(53,3)	(54,0)	(55,0)	(56,0)	(57,1)	(58,1)	(59,1)	(60,0)	(61,1)	(62,1)	(63,1)	(64,1)	(65,1)	(66,1)	(67,1)	(68,1)	(69,1)	(70,1)	(71,1)	
index:5	,beg:72
(72,3)	(73,3)	(74,0)	(75,1)	(76,1)	(77,1)	(78,1)	(79,0)	(80,1)	(81,0)	(82,1)	(83,1)	(84,1)	(85,0)	(86,1)	(87,1)	
index:6	,beg:88
(88,3)	(89,3)	(90,3)	(91,0)	(92,1)	(93,1)	(94,1)	(95,0)	(96,1)	(97,0)	(98,1)	(99,0)	(100,1)	(101,1)	(102,0)	(103,1)	
index:7	,beg:104
(104,3)	(105,0)	(106,3)	(107,3)	(108,0)	(109,1)	(110,1)	(111,1)	(112,0)	(113,1)	(114,1)	(115,1)	(116,0)	(117,1)	(118,1)	(119,1)	
index:8	,beg:120
(120,3)	(121,3)	(122,3)	(123,3)	(124,3)	(125,0)	(126,0)	(127,1)	(128,1)	(129,1)	(130,0)	(131,1)	(132,1)	(133,1)	(134,0)	(135,0)	
index:9	,beg:136
(136,3)	(137,3)	(138,3)	(139,3)	(140,3)	(141,0)	(142,0)	(143,1)	(144,1)	(145,1)	(146,0)	(147,1)	(148,1)	(149,1)	(150,0)	(151,0)	(152,1)	(153,1)	(154,1)	(155,1)	(156,1)	(157,1)	(158,1)	(159,1)	
index:10	,beg:160
(160,3)	(161,3)	(162,3)	(163,0)	(164,3)	(165,3)	(166,3)	(167,0)	(168,1)	(169,0)	(170,1)	(171,0)	(172,1)	(173,1)	(174,1)	(175,1)	(176,1)	(177,1)	(178,1)	(179,0)	(180,0)	(181,1)	(182,0)	(183,1)	
index:11	,beg:184
(184,3)	(185,3)	(186,0)	(187,3)	(188,3)	(189,3)	(190,3)	(191,3)	(192,0)	(193,0)	(194,0)	(195,0)	(196,0)	(197,0)	(198,1)	(199,1)	(200,0)	(201,1)	(202,1)	(203,1)	(204,1)	(205,1)	(206,1)	(207,1)	
index:12	,beg:208
(208,3)	(209,0)	(210,3)	(211,3)	(212,0)	(213,3)	(214,3)	(215,3)	(216,0)	(217,1)	(218,1)	(219,1)	(220,0)	(221,1)	(222,1)	(223,1)	(224,1)	(225,0)	(226,1)	(227,1)	(228,1)	(229,0)	(230,1)	(231,1)	
index:13	,beg:232
(232,3)	(233,3)	(234,3)	(235,0)	(236,3)	(237,3)	(238,3)	(239,0)	(240,3)	(241,0)	(242,1)	(243,0)	(244,1)	(245,1)	(246,1)	(247,1)	(248,1)	(249,1)	(250,1)	(251,0)	(252,0)	(253,1)	(254,0)	(255,1)	
index:14	,beg:256
(256,3)	(257,3)	(258,3)	(259,3)	(260,3)	(261,0)	(262,0)	(263,3)	(264,3)	(265,3)	(266,0)	(267,1)	(268,1)	(269,1)	(270,0)	(271,0)	(272,1)	(273,1)	(274,0)	(275,1)	(276,1)	(277,1)	(278,1)	(279,0)	
index:15	,beg:280
(280,3)	(281,3)	(282,0)	(283,3)	(284,3)	(285,3)	(286,3)	(287,3)	(288,3)	(289,3)	(290,3)	(291,0)	(292,0)	(293,0)	(294,1)	(295,1)	(296,0)	(297,1)	(298,1)	(299,1)	(300,1)	(301,1)	(302,1)	(303,1)	
index:16	,beg:304
(304,3)	(305,3)	(306,3)	(307,0)	(308,3)	(309,3)	(310,3)	(311,0)	(312,3)	(313,0)	(314,3)	(315,0)	(316,1)	(317,1)	(318,1)	(319,1)	(320,1)	(321,1)	(322,1)	(323,0)	(324,0)	(325,1)	(326,0)	(327,1)	
index:17	,beg:328
(328,3)	(329,0)	(330,3)	(331,3)	(332,0)	(333,3)	(334,3)	(335,3)	(336,0)	(337,3)	(338,3)	(339,3)	(340,0)	(341,1)	(342,1)	(343,1)	(344,1)	(345,0)	(346,1)	(347,1)	(348,1)	(349,0)	(350,1)	(351,1)	
index:18	,beg:352
(352,3)	(353,3)	(354,0)	(355,3)	(356,3)	(357,3)	(358,3)	(359,3)	(360,3)	(361,3)	(362,3)	(363,3)	(364,3)	(365,0)	(366,1)	(367,1)	(368,0)	(369,1)	(370,1)	(371,1)	(372,1)	(373,1)	(374,1)	(375,1)	
index:19	,beg:376
(376,3)	(377,3)	(378,3)	(379,3)	(380,3)	(381,0)	(382,0)	(383,3)	(384,3)	(385,3)	(386,0)	(387,3)	(388,3)	(389,3)	(390,0)	(391,0)	(392,1)	(393,1)	(394,0)	(395,1)	(396,1)	(397,1)	(398,1)	(399,0)	(400,1)	(401,1)	(402,1)	(403,1)	(404,1)	(405,1)	(406,1)	(407,1)	
index:20	,beg:408
(408,3)	(409,3)	(410,3)	(411,3)	(412,3)	(413,0)	(414,0)	(415,3)	(416,3)	(417,3)	(418,0)	(419,3)	(420,3)	(421,3)	(422,0)	(423,0)	(424,1)	(425,1)	(426,0)	(427,1)	(428,1)	(429,1)	(430,1)	(431,0)	(432,1)	(433,1)	(434,1)	(435,1)	(436,1)	(437,1)	(438,0)	(439,1)	
index:21	,beg:440
(440,3)	(441,3)	(442,0)	(443,3)	(444,3)	(445,3)	(446,3)	(447,3)	(448,3)	(449,3)	(450,3)	(451,3)	(452,3)	(453,0)	(454,3)	(455,3)	(456,0)	(457,1)	(458,1)	(459,1)	(460,1)	(461,1)	(462,1)	(463,1)	(464,1)	(465,0)	(466,1)	(467,0)	(468,0)	(469,1)	(470,1)	(471,0)	
index:22	,beg:472
(472,3)	(473,0)	(474,3)	(475,3)	(476,0)	(477,3)	(478,3)	(479,3)	(480,0)	(481,3)	(482,3)	(483,3)	(484,0)	(485,3)	(486,3)	(487,3)	(488,3)	(489,0)	(490,1)	(491,1)	(492,1)	(493,0)	(494,1)	(495,1)	(496,0)	(497,1)	(498,0)	(499,1)	(500,1)	(501,0)	(502,1)	(503,1)	
index:23	,beg:504
(504,3)	(505,3)	(506,0)	(507,3)	(508,3)	(509,3)	(510,0)	(511,0)	(512,3)	(513,3)	(514,0)	(515,1)	(516,1)	(517,1)	(518,1)	(519,0)	(520,1)	(521,1)	(522,1)	(523,1)	(524,1)	(525,1)	(526,0)	(527,1)	
index:24	,beg:528
(528,3)	(529,3)	(530,3)	(531,3)	(532,3)	(533,0)	(534,3)	(535,3)	(536,0)	(537,3)	(538,3)	(539,0)	(540,0)	(541,0)	(542,0)	(543,0)	(544,0)	(545,0)	(546,1)	(547,0)	(548,0)	(549,1)	(550,1)	(551,0)	
index:25	,beg:552
(552,3)	(553,0)	(554,3)	(555,0)	(556,3)	(557,3)	(558,3)	(559,3)	(560,3)	(561,3)	(562,3)	(563,0)	(564,0)	(565,1)	(566,0)	(567,1)	(568,1)	(569,1)	(570,1)	(571,1)	(572,1)	(573,1)	(574,1)	(575,1)	
index:26	,beg:576
(576,3)	(577,3)	(578,0)	(579,3)	(580,3)	(581,3)	(582,0)	(583,0)	(584,3)	(585,3)	(586,0)	(587,3)	(588,0)	(589,0)	(590,0)	(591,0)	(592,1)	(593,1)	(594,1)	(595,1)	(596,1)	(597,1)	(598,0)	(599,1)	
index:27	,beg:600
(600,3)	(601,3)	(602,3)	(603,3)	(604,0)	(605,3)	(606,3)	(607,3)	(608,3)	(609,0)	(610,3)	(611,0)	(612,0)	(613,0)	(614,1)	(615,1)	(616,0)	(617,3)	(618,0)	(619,1)	(620,1)	(621,0)	(622,1)	(623,1)	
index:28	,beg:624
(624,3)	(625,0)	(626,3)	(627,0)	(628,3)	(629,3)	(630,3)	(631,3)	(632,3)	(633,3)	(634,3)	(635,0)	(636,0)	(637,0)	(638,0)	(639,1)	(640,1)	(641,1)	(642,3)	(643,0)	(644,0)	(645,0)	(646,0)	(647,0)	
index:29	,beg:648
(648,3)	(649,3)	(650,3)	(651,3)	(652,0)	(653,3)	(654,3)	(655,3)	(656,3)	(657,0)	(658,3)	(659,3)	(660,0)	(661,0)	(662,1)	(663,1)	(664,0)	(665,1)	(666,0)	(667,1)	(668,1)	(669,0)	(670,1)	(671,1)	
index:30	,beg:672
(672,3)	(673,3)	(674,3)	(675,3)	(676,3)	(677,0)	(678,3)	(679,3)	(680,0)	(681,3)	(682,3)	(683,3)	(684,0)	(685,3)	(686,0)	(687,0)	(688,3)	(689,0)	(690,1)	(691,0)	(692,0)	(693,1)	(694,1)	(695,0)	(696,1)	(697,1)	(698,1)	(699,1)	(700,1)	(701,1)	(702,1)	(703,1)	
index:31	,beg:704
(704,3)	(705,3)	(706,3)	(707,3)	(708,0)	(709,3)	(710,3)	(711,3)	(712,3)	(713,0)	(714,3)	(715,3)	(716,0)	(717,0)	(718,0)	(719,0)	(720,0)	(721,3)	(722,0)	(723,1)	(724,1)	(725,0)	(726,1)	(727,1)	(728,1)	(729,1)	(730,0)	(731,0)	(732,1)	(733,1)	(734,0)	(735,0)	
index:32	,beg:736
(736,3)	(737,3)	(738,3)	(739,3)	(740,3)	(741,0)	(742,3)	(743,3)	(744,0)	(745,3)	(746,3)	(747,3)	(748,0)	(749,3)	(750,0)	(751,0)	(752,0)	(753,0)	(754,3)	(755,0)	(756,0)	(757,1)	(758,1)	(759,0)	(760,1)	(761,0)	(762,1)	(763,1)	(764,0)	(765,1)	(766,1)	(767,1)	
index:33	,beg:768
(768,3)	(769,3)	(770,3)	(771,3)	(772,3)	(773,0)	(774,3)	(775,3)	(776,0)	(777,3)	(778,3)	(779,3)	(780,0)	(781,3)	(782,0)	(783,0)	(784,0)	(785,0)	(786,3)	(787,0)	(788,0)	(789,1)	(790,1)	(791,0)	(792,1)	(793,0)	(794,1)	(795,1)	(796,0)	(797,1)	(798,1)	(799,1)	
index:34	,beg:800
(800,3)	(801,3)	(802,3)	(803,3)	(804,3)	(805,0)	(806,3)	(807,3)	(808,0)	(809,3)	(810,3)	(811,3)	(812,0)	(813,3)	(814,0)	(815,0)	(816,3)	(817,0)	(818,3)	(819,0)	(820,0)	(821,0)	(822,1)	(823,0)	(824,1)	(825,0)	(826,1)	(827,1)	(828,0)	(829,1)	(830,1)	(831,1)	
index:35	,beg:832
(832,3)	(833,0)	(834,3)	(835,3)	(836,0)	(837,0)	(838,0)	(839,0)	(840,0)	(841,3)	(842,0)	(843,3)	(844,3)	(845,0)	(846,1)	(847,1)	(848,1)	(849,1)	(850,0)	(851,0)	(852,1)	(853,1)	(854,0)	(855,0)	
index:36	,beg:856
(856,3)	(857,3)	(858,0)	(859,3)	(860,0)	(861,3)	(862,0)	(863,0)	(864,3)	(865,3)	(866,3)	(867,3)	(868,3)	(869,3)	(870,0)	(871,1)	(872,0)	(873,1)	(874,1)	(875,1)	(876,1)	(877,0)	(878,1)	(879,1)	(880,1)	(881,1)	(882,1)	(883,1)	(884,1)	(885,1)	(886,1)	(887,1)	
index:37	,beg:888
(888,3)	(889,3)	(890,3)	(891,3)	(892,0)	(893,3)	(894,0)	(895,3)	(896,0)	(897,0)	(898,3)	(899,0)	(900,0)	(901,3)	(902,3)	(903,0)	(904,1)	(905,0)	(906,1)	(907,1)	(908,0)	(909,1)	(910,1)	(911,1)	(912,1)	(913,1)	(914,0)	(915,0)	(916,1)	(917,1)	(918,1)	(919,1)	
index:38	,beg:920
(920,3)	(921,3)	(922,0)	(923,3)	(924,0)	(925,3)	(926,0)	(927,0)	(928,3)	(929,3)	(930,3)	(931,3)	(932,3)	(933,3)	(934,0)	(935,3)	(936,0)	(937,1)	(938,1)	(939,1)	(940,1)	(941,0)	(942,1)	(943,1)	(944,1)	(945,1)	(946,1)	(947,1)	(948,1)	(949,0)	(950,0)	(951,1)	
index:39	,beg:952
(952,3)	(953,3)	(954,3)	(955,3)	(956,0)	(957,3)	(958,0)	(959,3)	(960,0)	(961,0)	(962,3)	(963,0)	(964,0)	(965,3)	(966,3)	(967,0)	(968,3)	(969,0)	(970,1)	(971,1)	(972,0)	(973,1)	(974,1)	(975,1)	(976,1)	(977,1)	(978,0)	(979,0)	(980,1)	(981,1)	(982,1)	(983,1)	
index:40	,beg:984
(984,3)	(985,0)	(986,3)	(987,3)	(988,0)	(989,0)	(990,0)	(991,3)	(992,0)	(993,3)	(994,0)	(995,3)	(996,3)	(997,0)	(998,3)	(999,3)	(1000,0)	(1001,3)	(1002,0)	(1003,0)	(1004,1)	(1005,1)	(1006,0)	(1007,0)	(1008,1)	(1009,0)	(1010,1)	(1011,1)	(1012,0)	(1013,1)	(1014,1)	(1015,1)	
index:41	,beg:1016
(1016,3)	(1017,0)	(1018,3)	(1019,3)	(1020,0)	(1021,0)	(1022,0)	(1023,3)	(1024,0)	(1025,3)	(1026,0)	(1027,3)	(1028,3)	(1029,0)	(1030,3)	(1031,3)	(1032,0)	(1033,3)	(1034,0)	(1035,0)	(1036,1)	(1037,1)	(1038,0)	(1039,0)	(1040,1)	(1041,0)	(1042,1)	(1043,1)	(1044,0)	(1045,1)	(1046,1)	(1047,1)	
index:42	,beg:1048
(1048,3)	(1049,0)	(1050,3)	(1051,3)	(1052,0)	(1053,0)	(1054,0)	(1055,3)	(1056,0)	(1057,0)	(1058,0)	(1059,3)	(1060,3)	(1061,0)	(1062,3)	(1063,3)	(1064,3)	(1065,3)	(1066,0)	(1067,0)	(1068,0)	(1069,1)	(1070,0)	(1071,0)	(1072,1)	(1073,0)	(1074,1)	(1075,1)	(1076,0)	(1077,1)	(1078,1)	(1079,1)	
index:43	,beg:1080
(1080,3)	(1081,3)	(1082,3)	(1083,3)	(1084,0)	(1085,3)	(1086,0)	(1087,3)	(1088,3)	(1089,0)	(1090,3)	(1091,0)	(1092,0)	(1093,3)	(1094,3)	(1095,0)	(1096,3)	(1097,0)	(1098,3)	(1099,3)	(1100,0)	(1101,1)	(1102,1)	(1103,1)	(1104,1)	(1105,1)	(1106,0)	(1107,0)	(1108,1)	(1109,1)	(1110,1)	(1111,1)	
index:44	,beg:1112
(1112,3)	(1113,3)	(1114,3)	(1115,3)	(1116,0)	(1117,3)	(1118,0)	(1119,3)	(1120,3)	(1121,0)	(1122,3)	(1123,0)	(1124,0)	(1125,3)	(1126,3)	(1127,0)	(1128,3)	(1129,0)	(1130,3)	(1131,3)	(1132,0)	(1133,0)	(1134,1)	(1135,1)	(1136,1)	(1137,1)	(1138,0)	(1139,0)	(1140,1)	(1141,1)	(1142,1)	(1143,1)	
index:45	,beg:1144
(1144,3)	(1145,3)	(1146,0)	(1147,3)	(1148,3)	(1149,3)	(1150,0)	(1151,3)	(1152,0)	(1153,3)	(1154,3)	(1155,3)	(1156,3)	(1157,0)	(1158,1)	(1159,1)	(1160,1)	(1161,1)	(1162,1)	(1163,1)	(1164,0)	(1165,0)	(1166,0)	(1167,1)	
index:46	,beg:1168
(1168,3)	(1169,3)	(1170,3)	(1171,3)	(1172,3)	(1173,3)	(1174,0)	(1175,3)	(1176,0)	(1177,3)	(1178,3)	(1179,3)	(1180,3)	(1181,0)	(1182,0)	(1183,0)	(1184,0)	(1185,0)	(1186,0)	(1187,0)	(1188,0)	(1189,0)	(1190,0)	(1191,1)	(1192,1)	(1193,1)	(1194,1)	(1195,1)	(1196,1)	(1197,1)	(1198,1)	(1199,1)	
index:47	,beg:1200
(1200,3)	(1201,3)	(1202,0)	(1203,3)	(1204,3)	(1205,0)	(1206,3)	(1207,3)	(1208,3)	(1209,3)	(1210,0)	(1211,0)	(1212,3)	(1213,3)	(1214,0)	(1215,0)	(1216,1)	(1217,0)	(1218,1)	(1219,1)	(1220,0)	(1221,1)	(1222,0)	(1223,0)	(1224,0)	(1225,1)	(1226,0)	(1227,0)	(1228,1)	(1229,0)	(1230,1)	(1231,1)	
index:48	,beg:1232
(1232,3)	(1233,3)	(1234,3)	(1235,3)	(1236,3)	(1237,3)	(1238,3)	(1239,3)	(1240,3)	(1241,3)	(1242,3)	(1243,3)	(1244,3)	(1245,3)	(1246,3)	(1247,0)	(1248,0)	(1249,1)	(1250,1)	(1251,1)	(1252,1)	(1253,1)	(1254,1)	(1255,0)	(1256,1)	(1257,0)	(1258,1)	(1259,0)	(1260,0)	(1261,0)	(1262,0)	(1263,0)	
index:49	,beg:1264
(1264,3)	(1265,3)	(1266,0)	(1267,3)	(1268,3)	(1269,0)	(1270,3)	(1271,3)	(1272,3)	(1273,3)	(1274,0)	(1275,0)	(1276,3)	(1277,3)	(1278,0)	(1279,0)	(1280,3)	(1281,0)	(1282,1)	(1283,1)	(1284,0)	(1285,1)	(1286,1)	(1287,1)	(1288,0)	(1289,1)	(1290,0)	(1291,1)	(1292,1)	(1293,0)	(1294,1)	(1295,1)	
index:50	,beg:1296
(1296,3)	(1297,0)	(1298,3)	(1299,0)	(1300,0)	(1301,3)	(1302,3)	(1303,0)	(1304,3)	(1305,0)	(1306,3)	(1307,3)	(1308,0)	(1309,3)	(1310,0)	(1311,0)	(1312,3)	(1313,3)	(1314,0)	(1315,0)	(1316,1)	(1317,1)	(1318,1)	(1319,1)	(1320,1)	(1321,1)	(1322,1)	(1323,1)	(1324,1)	(1325,1)	(1326,0)	(1327,1)	
index:51	,beg:1328
(1328,3)	(1329,3)	(1330,3)	(1331,3)	(1332,3)	(1333,3)	(1334,0)	(1335,3)	(1336,0)	(1337,3)	(1338,3)	(1339,3)	(1340,3)	(1341,0)	(1342,0)	(1343,0)	(1344,3)	(1345,3)	(1346,3)	(1347,0)	(1348,0)	(1349,0)	(1350,0)	(1351,1)	(1352,1)	(1353,0)	(1354,1)	(1355,0)	(1356,0)	(1357,1)	(1358,1)	(1359,0)	
index:52	,beg:1360
(1360,3)	(1361,3)	(1362,0)	(1363,3)	(1364,3)	(1365,0)	(1366,3)	(1367,3)	(1368,3)	(1369,3)	(1370,0)	(1371,0)	(1372,3)	(1373,3)	(1374,0)	(1375,0)	(1376,3)	(1377,0)	(1378,3)	(1379,0)	(1380,0)	(1381,1)	(1382,0)	(1383,0)	(1384,0)	(1385,1)	(1386,0)	(1387,1)	(1388,1)	(1389,0)	(1390,1)	(1391,1)	
index:53	,beg:1392
(1392,3)	(1393,3)	(1394,0)	(1395,3)	(1396,3)	(1397,0)	(1398,3)	(1399,3)	(1400,3)	(1401,3)	(1402,0)	(1403,0)	(1404,3)	(1405,3)	(1406,0)	(1407,0)	(1408,1)	(1409,0)	(1410,3)	(1411,0)	(1412,0)	(1413,0)	(1414,0)	(1415,0)	(1416,0)	(1417,0)	(1418,0)	(1419,0)	(1420,1)	(1421,0)	(1422,0)	(1423,1)	
index:54	,beg:1424
(1424,3)	(1425,3)	(1426,3)	(1427,3)	(1428,3)	(1429,3)	(1430,3)	(1431,3)	(1432,3)	(1433,3)	(1434,3)	(1435,3)	(1436,3)	(1437,3)	(1438,3)	(1439,3)	(1440,0)	(1441,1)	(1442,3)	(1443,0)	(1444,3)	(1445,0)	(1446,0)	(1447,0)	(1448,3)	(1449,0)	(1450,0)	(1451,0)	(1452,0)	(1453,0)	(1454,0)	(1455,0)	
index:55	,beg:1456
(1456,3)	(1457,3)	(1458,0)	(1459,3)	(1460,3)	(1461,0)	(1462,3)	(1463,3)	(1464,3)	(1465,3)	(1466,0)	(1467,0)	(1468,3)	(1469,3)	(1470,0)	(1471,0)	(1472,3)	(1473,0)	(1474,1)	(1475,1)	(1476,0)	(1477,0)	(1478,0)	(1479,0)	(1480,0)	(1481,1)	(1482,0)	(1483,1)	(1484,0)	(1485,0)	(1486,1)	(1487,1)	
index:56	,beg:1488
(1488,3)	(1489,0)	(1490,3)	(1491,3)	(1492,0)	(1493,3)	(1494,3)	(1495,3)	(1496,3)	(1497,3)	(1498,0)	(1499,0)	(1500,1)	(1501,1)	(1502,1)	(1503,3)	(1504,3)	(1505,0)	(1506,0)	(1507,0)	(1508,1)	(1509,3)	(1510,0)	(1511,1)	
index:57	,beg:1512
(1512,3)	(1513,0)	(1514,3)	(1515,3)	(1516,0)	(1517,3)	(1518,3)	(1519,3)	(1520,3)	(1521,3)	(1522,0)	(1523,0)	(1524,1)	(1525,1)	(1526,1)	(1527,1)	(1528,3)	(1529,0)	(1530,0)	(1531,0)	(1532,0)	(1533,3)	(1534,0)	(1535,0)	
index:58	,beg:1536
(1536,3)	(1537,3)	(1538,0)	(1539,0)	(1540,3)	(1541,3)	(1542,0)	(1543,0)	(1544,3)	(1545,0)	(1546,3)	(1547,3)	(1548,0)	(1549,1)	(1550,1)	(1551,1)	(1552,0)	(1553,1)	(1554,0)	(1555,0)	(1556,1)	(1557,0)	(1558,3)	(1559,0)	
index:59	,beg:1560
(1560,3)	(1561,3)	(1562,3)	(1563,3)	(1564,3)	(1565,0)	(1566,3)	(1567,3)	(1568,3)	(1569,3)	(1570,3)	(1571,3)	(1572,3)	(1573,0)	(1574,0)	(1575,1)	(1576,1)	(1577,0)	(1578,1)	(1579,1)	(1580,0)	(1581,1)	(1582,0)	(1583,0)	
index:60	,beg:1584
(1584,3)	(1585,3)	(1586,3)	(1587,3)	(1588,3)	(1589,0)	(1590,3)	(1591,3)	(1592,3)	(1593,3)	(1594,3)	(1595,3)	(1596,3)	(1597,0)	(1598,0)	(1599,1)	(1600,1)	(1601,0)	(1602,1)	(1603,1)	(1604,0)	(1605,1)	(1606,1)	(1607,0)	
index:61	,beg:1608
(1608,3)	(1609,3)	(1610,3)	(1611,3)	(1612,3)	(1613,3)	(1614,3)	(1615,3)	(1616,0)	(1617,3)	(1618,3)	(1619,3)	(1620,3)	(1621,3)	(1622,3)	(1623,0)	(1624,1)	(1625,1)	(1626,1)	(1627,1)	(1628,1)	(1629,1)	(1630,1)	(1631,1)	
index:62	,beg:1632
(1632,3)	(1633,3)	(1634,0)	(1635,0)	(1636,3)	(1637,3)	(1638,0)	(1639,0)	(1640,3)	(1641,0)	(1642,3)	(1643,3)	(1644,0)	(1645,3)	(1646,3)	(1647,3)	(1648,0)	(1649,1)	(1650,0)	(1651,1)	(1652,1)	(1653,0)	(1654,1)	(1655,1)	
index:63	,beg:1656
(1656,3)	(1657,3)	(1658,3)	(1659,3)	(1660,3)	(1661,0)	(1662,3)	(1663,3)	(1664,3)	(1665,3)	(1666,3)	(1667,3)	(1668,3)	(1669,0)	(1670,0)	(1671,3)	(1672,3)	(1673,0)	(1674,1)	(1675,1)	(1676,0)	(1677,1)	(1678,1)	(1679,0)	
index:64	,beg:1680
(1680,3)	(1681,3)	(1682,0)	(1683,0)	(1684,3)	(1685,3)	(1686,0)	(1687,0)	(1688,3)	(1689,0)	(1690,3)	(1691,3)	(1692,0)	(1693,3)	(1694,3)	(1695,3)	(1696,0)	(1697,0)	(1698,0)	(1699,0)	(1700,1)	(1701,0)	(1702,1)	(1703,1)	
index:65	,beg:1704
(1704,3)	(1705,3)	(1706,3)	(1707,3)	(1708,3)	(1709,0)	(1710,0)	(1711,3)	(1712,3)	(1713,0)	(1714,0)	(1715,0)	(1716,0)	(1717,1)	(1718,0)	(1719,0)	
index:66	,beg:1720
(1720,3)	(1721,0)	(1722,3)	(1723,3)	(1724,0)	(1725,3)	(1726,3)	(1727,3)	(1728,0)	(1729,3)	(1730,0)	(1731,1)	(1732,1)	(1733,0)	(1734,1)	(1735,1)	
